clearRightmostSetBit: x & (x-1)
x         1 1 1 0 1 1 0 0      1 1 1 0 1 0 1 1
x-1       1 1 1 0 1 0 1 1      1 1 1 0 1 0 1 0
res       1 1 1 0 1 0 0 0      1 1 1 0 1 0 0 0

getRightmostSetBit: x & ~(x-1) 
x         1 1 1 0 1 1 0 0      1 1 1 0 1 0 1 1
x-1       1 1 1 0 1 0 1 1      1 1 1 0 1 0 1 0
~(x-1)    0 0 0 1 0 1 0 0      0 0 0 1 0 1 0 1
res       0 0 0 0 0 1 0 0      0 0 0 0 0 0 0 1

getRightmostNotSetBit: ~x & (x+1)
x         1 1 1 0 1 1 0 0      1 1 1 0 1 0 1 1    
~x        0 0 0 1 0 0 1 1      0 0 0 1 0 1 0 0       
x+1       1 1 1 0 1 1 0 1      1 1 1 0 1 1 0 0 
res       0 0 0 0 0 0 0 1      0 0 0 0 0 1 0 0    

0 0 1 0
0 0 0 1

2^3 - 2^2
2 * 2^2 - 2^2 = 2 (1 )
8 - 4 = 4

